# Name: CRT Easymode (Port)
# crt-easymode (Easymode, GPL); libretro/slang-shaders @ 3b0d6aa1d134
# Gain-split: LUT carries the pre-clip transfer / 1.105; the mask carries 1.105
# Co-optimized with the adaptive V fit and refined against MiSTer's
# exact truncating arithmetic; pair with the matching (Port) files
0
2
3
4
5
5
7
7
8
9
10
11
12
13
13
15
16
16
17
18
19
20
20
21
23
24
24
25
26
27
28
29
31
32
32
33
34
35
36
37
38
39
40
41
42
43
44
45
46
47
48
49
50
51
52
52
53
55
56
57
58
59
59
60
61
63
64
65
66
67
67
68
69
71
71
73
73
75
75
76
77
79
79
81
81
83
83
84
85
87
87
89
89
91
91
92
93
94
95
97
97
99
99
100
101
103
103
105
105
107
107
108
109
110
111
112
113
115
115
115
117
118
119
120
121
123
123
124
125
126
126
127
129
131
131
132
132
134
135
135
137
137
139
139
141
141
143
143
144
145
147
147
149
149
151
151
153
155
155
157
159
159
161
163
163
164
165
167
168
169
171
172
173
174
175
177
179
179
181
181
183
185
187
187
188
189
191
193
193
195
196
197
199
200
201
203
204
205
207
209
209
211
212
214
215
217
217
217
219
221
221
223
225
225
225
227
227
229
229
231
232
232
233
234
236
237
238
240
240
240
242
244
244
244
245
247
247
248
249
251
252
253
253
255
255
255
255
255
255
255
255
255
255
255
255
255
