# Name: CRT Royale Kurozumi (Port)
# Source-preserving colour calibration (light-linear)
# One shared monotone RGB curve; no channel tint
# Fits light-linear means across 1080p integer/full-height and TATE modes
# Monotone optimum of exact mask + FIR arithmetic (tools/color_match.py)
0
2
4
5
6
6
8
9
9
10
11
12
12
13
13
14
16
16
17
17
18
19
20
21
22
23
23
24
25
25
26
27
28
29
30
30
31
32
33
33
34
35
36
37
38
39
39
40
41
42
42
43
44
45
46
47
47
48
49
49
50
51
52
53
54
54
55
56
57
58
59
59
60
61
62
63
64
65
65
66
66
67
68
69
70
71
71
72
73
74
75
75
76
77
78
79
80
81
81
82
82
83
84
85
86
87
88
88
89
90
91
92
93
93
94
95
95
96
97
98
99
99
100
101
102
103
104
105
106
106
107
108
109
110
111
111
112
113
114
115
116
116
117
118
119
121
122
123
124
125
126
127
128
129
131
131
132
134
135
136
137
139
140
141
143
144
145
147
148
150
151
152
154
155
157
158
159
161
162
163
164
165
167
168
170
172
173
175
177
179
180
182
183
184
187
188
190
192
194
196
199
201
204
206
208
210
213
216
217
220
222
225
227
228
231
233
235
237
240
242
245
248
250
253
255
255
255
255
255
255
255
255
255
255
255
255
255
255
255
255
255
255
255
255
255
255
255
255
255
255
255
255
255
255
255
255
