# Name: CRT Guest Advanced (Port)
# crt-guest-advanced (guest.r); crt-guest-advanced-2026-07-12-release1
# Monotone adaptive-control warp co-optimized with the V fit
# Co-optimized with the adaptive V fit and refined against MiSTer's
# exact truncating arithmetic; pair with the matching (Port) files
0
1
2
3
3
4
5
5
6
7
7
8
9
9
10
11
11
12
13
13
14
15
15
16
17
17
18
19
19
20
21
21
22
23
24
24
25
26
26
27
28
29
29
30
31
31
32
33
34
34
35
36
36
37
38
39
39
40
41
41
42
43
44
44
45
46
47
47
48
49
50
50
51
52
53
53
54
55
56
56
57
58
59
59
60
61
62
63
63
64
65
66
66
67
68
69
70
70
71
72
73
74
74
75
76
77
78
78
79
80
81
82
82
83
84
85
86
87
87
88
89
90
91
92
93
94
94
95
96
97
98
99
100
101
101
102
103
104
105
106
107
108
109
110
111
112
112
113
114
115
116
117
118
119
120
121
122
123
124
125
126
127
128
129
130
131
132
133
134
135
136
137
138
139
140
141
143
144
145
146
147
148
149
150
152
153
154
155
156
157
159
160
161
162
164
164
166
167
168
169
171
172
173
174
176
177
178
180
181
183
184
185
186
188
189
191
192
194
195
197
198
200
202
203
204
206
207
209
211
213
215
217
218
220
222
223
225
228
228
231
232
235
235
239
239
242
243
246
248
248
251
252
254
255
255
255
