# Name: CRT Royale (Port)
# Source-preserving colour calibration (light-linear)
# One shared monotone RGB curve; no channel tint
# Fits light-linear means across 1080p integer/full-height and TATE modes
# Monotone optimum of exact mask + FIR arithmetic (tools/color_match.py)
0
2
4
5
5
6
7
8
9
9
10
11
11
12
13
13
14
15
15
16
17
18
18
19
20
20
21
22
23
23
24
24
25
26
27
27
28
29
29
30
31
32
33
33
34
35
35
36
37
37
38
39
40
40
41
42
42
43
44
45
45
46
47
48
49
49
50
51
51
52
53
53
54
55
55
56
57
58
58
59
60
61
61
62
63
63
64
65
66
67
67
68
69
69
70
71
72
72
73
74
75
75
76
77
77
78
79
80
81
81
82
82
83
84
85
86
87
87
88
89
89
90
91
91
92
93
94
95
96
96
97
97
98
99
100
100
101
102
103
103
104
105
105
106
107
108
108
110
111
112
113
114
114
115
116
117
118
120
121
122
123
124
126
127
128
129
130
131
132
134
135
136
137
138
139
140
142
143
144
146
147
148
150
152
153
154
155
157
158
160
161
162
163
165
167
169
171
173
175
178
180
182
184
186
189
190
192
194
196
199
201
202
204
207
208
210
212
214
216
217
219
222
223
225
227
229
230
232
234
236
237
238
241
243
244
246
248
249
251
253
254
255
255
255
255
255
255
255
255
255
255
255
255
255
255
255
