# Name: CRT Lottes (Port)
# Source-preserving colour calibration (light-linear)
# One shared monotone RGB curve; no channel tint
# Inverts the light-linear 240p-to-1080p spatial mean of this
# family's exact mask + scanline block (see tools/color_match.py)
0
3
4
5
6
7
8
9
10
10
11
12
13
14
15
16
17
18
18
19
20
21
21
22
23
24
25
26
27
28
29
30
30
31
32
33
34
35
36
36
37
38
39
40
41
42
43
43
44
45
46
47
48
48
49
50
51
52
52
53
54
55
56
57
58
59
60
60
61
62
63
64
64
65
66
68
69
69
70
71
72
72
73
74
75
76
77
78
78
79
80
81
82
83
84
85
86
86
87
88
89
89
90
91
92
93
94
95
96
97
97
98
99
100
101
102
103
103
104
105
106
107
108
108
109
110
111
112
113
114
115
116
117
117
118
119
120
121
121
122
123
124
125
126
127
127
128
129
130
131
131
132
133
134
135
136
137
138
139
139
140
141
142
143
144
145
146
147
148
149
150
152
153
154
156
157
158
160
161
163
164
166
168
169
171
173
175
176
179
181
184
187
190
192
195
197
200
203
205
207
210
212
215
217
220
222
225
227
229
233
234
236
238
241
243
245
248
250
252
254
255
255
255
255
255
255
255
255
255
255
255
255
255
255
255
255
255
255
255
255
255
255
255
255
255
255
255
255
255
255
255
255
255
255
255
255
